Random seed: 5003554745107775420
---------------- Starting Your Algo --------------------
Configuring your custom algo strategy...
Performing turn 0 of your custom algo strategy
N: -2
-------------------------------
location: [13, 0]
type: EI
score: 0.000000
Damage score: 0.000000
Kill score: 0.000000
Edge score: 0.000000
Path:[[13, 0]]
-------------------------------
-------------------------------
location: [13, 0]
type: PI
score: 300.000000
Damage score: 0.000000
Kill score: 0.000000
Edge score: 300.000000
Path:[[13, 0], [13, 1], [14, 1], [14, 2], [15, 2], [15, 3], [16, 3], [16, 4], [17, 4], [17, 5], [18, 5], [18, 6], [19, 6], [19, 7], [20, 7], [20, 8], [21, 8], [21, 9], [22, 9], [22, 10], [23, 10], [23, 11], [24, 11], [24, 12], [25, 12], [25, 13], [26, 13], [26, 14], [27, 14]]
-------------------------------
Performing turn 1 of your custom algo strategy
N: -2
-------------------------------
location: [13, 0]
type: EI
score: 0.000000
Damage score: 0.000000
Kill score: 0.000000
Edge score: 0.000000
Path:[[13, 0]]
-------------------------------
-------------------------------
location: [13, 0]
type: PI
score: 306.000000
Damage score: 6.000000
Kill score: 0.000000
Edge score: 300.000000
Path:[[13, 0], [13, 1], [14, 1], [14, 2], [15, 2], [15, 3], [16, 3], [16, 4], [17, 4], [17, 5], [18, 5], [18, 6], [19, 6], [19, 7], [20, 7], [20, 8], [21, 8], [21, 9], [22, 9], [22, 10], [23, 10], [23, 11], [24, 11], [24, 12], [25, 12], [25, 13], [26, 13], [26, 14], [27, 14]]
-------------------------------
Performing turn 2 of your custom algo strategy
N: -2
-------------------------------
location: [13, 0]
type: EI
score: 0.000000
Damage score: 0.000000
Kill score: 0.000000
Edge score: 0.000000
Path:[[13, 0]]
-------------------------------
-------------------------------
location: [13, 0]
type: PI
score: 612.000000
Damage score: 12.000000
Kill score: 0.000000
Edge score: 600.000000
Path:[[13, 0], [13, 1], [14, 1], [14, 2], [15, 2], [15, 3], [16, 3], [16, 4], [17, 4], [17, 5], [18, 5], [18, 6], [19, 6], [19, 7], [20, 7], [20, 8], [21, 8], [21, 9], [22, 9], [22, 10], [23, 10], [23, 11], [24, 11], [24, 12], [25, 12], [25, 13], [26, 13], [26, 14], [27, 14]]
-------------------------------
Performing turn 3 of your custom algo strategy
N: -1
-------------------------------
location: [13, 0]
type: EI
score: 0.000000
Damage score: 0.000000
Kill score: 0.000000
Edge score: 0.000000
Path:[[13, 0]]
-------------------------------
-------------------------------
location: [13, 0]
type: PI
score: 612.000000
Damage score: 12.000000
Kill score: 0.000000
Edge score: 600.000000
Path:[[13, 0], [13, 1], [14, 1], [14, 2], [15, 2], [15, 3], [16, 3], [16, 4], [17, 4], [17, 5], [18, 5], [18, 6], [19, 6], [19, 7], [20, 7], [20, 8], [21, 8], [21, 9], [22, 9], [22, 10], [23, 10], [23, 11], [24, 11], [24, 12], [25, 12], [25, 13], [26, 13], [26, 14], [27, 14]]
-------------------------------
Performing turn 4 of your custom algo strategy
N: 0
-------------------------------
location: [13, 0]
type: EI
score: 458.000000
Damage score: 108.000000
Kill score: 50.000000
Edge score: 300.000000
Path:[[13, 0], [13, 1], [14, 1], [14, 2], [15, 2], [15, 3], [16, 3], [16, 4], [17, 4], [17, 5], [18, 5], [18, 6], [19, 6], [19, 7], [20, 7], [20, 8], [21, 8], [21, 9], [22, 9], [22, 10], [23, 10], [23, 11], [24, 11], [24, 12], [25, 12], [25, 13], [26, 13], [26, 14], [27, 14]]
-------------------------------
-------------------------------
location: [13, 0]
type: PI
score: 918.000000
Damage score: 18.000000
Kill score: 0.000000
Edge score: 900.000000
Path:[[13, 0], [13, 1], [14, 1], [14, 2], [15, 2], [15, 3], [16, 3], [16, 4], [17, 4], [17, 5], [18, 5], [18, 6], [19, 6], [19, 7], [20, 7], [20, 8], [21, 8], [21, 9], [22, 9], [22, 10], [23, 10], [23, 11], [24, 11], [24, 12], [25, 12], [25, 13], [26, 13], [26, 14], [27, 14]]
-------------------------------
Performing turn 5 of your custom algo strategy
N: 0
-------------------------------
location: [13, 0]
type: EI
score: 0.000000
Damage score: 0.000000
Kill score: 0.000000
Edge score: 0.000000
Path:[[13, 0]]
-------------------------------
-------------------------------
location: [13, 0]
type: PI
score: 624.000000
Damage score: 24.000000
Kill score: 0.000000
Edge score: 600.000000
Path:[[13, 0], [13, 1], [14, 1], [14, 2], [15, 2], [15, 3], [16, 3], [16, 4], [17, 4], [17, 5], [18, 5], [18, 6], [19, 6], [19, 7], [20, 7], [20, 8], [21, 8], [21, 9], [22, 9], [22, 10], [23, 10], [23, 11], [24, 11], [24, 12], [25, 12], [25, 13], [25, 14], [25, 15], [25, 16]]
-------------------------------
Performing turn 6 of your custom algo strategy
N: 0
-------------------------------
location: [14, 0]
type: EI
score: 520.000000
Damage score: 120.000000
Kill score: 100.000000
Edge score: 300.000000
Path:[[14, 0], [14, 1], [13, 1], [13, 2], [12, 2], [12, 3], [11, 3], [11, 4], [10, 4], [10, 5], [9, 5], [9, 6], [8, 6], [8, 7], [7, 7], [7, 8], [6, 8], [6, 9], [5, 9], [5, 10], [4, 10], [4, 11], [3, 11], [3, 12], [2, 12], [2, 13], [1, 13], [1, 14], [1, 15]]
-------------------------------
-------------------------------
location: [14, 0]
type: PI
score: 936.000000
Damage score: 36.000000
Kill score: 0.000000
Edge score: 900.000000
Path:[[14, 0], [14, 1], [13, 1], [13, 2], [12, 2], [12, 3], [11, 3], [11, 4], [10, 4], [10, 5], [9, 5], [9, 6], [8, 6], [8, 7], [7, 7], [7, 8], [6, 8], [6, 9], [5, 9], [5, 10], [4, 10], [4, 11], [3, 11], [3, 12], [2, 12], [2, 13], [1, 13], [1, 14], [1, 15]]
-------------------------------
Performing turn 7 of your custom algo strategy
N: 0
-------------------------------
location: [13, 0]
type: EI
score: 0.000000
Damage score: 0.000000
Kill score: 0.000000
Edge score: 0.000000
Path:[[13, 0]]
-------------------------------
-------------------------------
location: [13, 0]
type: PI
score: 26.000000
Damage score: 26.000000
Kill score: 0.000000
Edge score: 0.000000
Path:[[13, 0], [13, 1], [14, 1], [14, 2], [15, 2], [15, 3], [16, 3], [16, 4], [17, 4], [17, 5], [18, 5], [18, 6], [19, 6], [19, 7], [20, 7], [20, 8], [21, 8], [21, 9], [22, 9], [22, 10], [23, 10], [23, 11], [24, 11], [24, 12], [24, 13], [24, 14], [24, 15], [24, 16], [23, 16], [23, 17], [22, 17], [22, 18]]
-------------------------------
Performing turn 8 of your custom algo strategy
N: 0
-------------------------------
location: [14, 0]
type: EI
score: 128.000000
Damage score: 78.000000
Kill score: 50.000000
Edge score: 0.000000
Path:[[14, 0], [14, 1], [13, 1], [13, 2], [12, 2], [12, 3], [11, 3], [11, 4], [10, 4], [10, 5], [9, 5], [9, 6], [8, 6], [8, 7], [7, 7], [7, 8], [6, 8], [6, 9], [5, 9], [5, 10], [4, 10], [4, 11], [3, 11], [3, 12], [3, 13], [4, 13], [4, 14]]
-------------------------------
-------------------------------
location: [14, 0]
type: PI
score: 350.000000
Damage score: 50.000000
Kill score: 0.000000
Edge score: 300.000000
Path:[[14, 0], [14, 1], [13, 1], [13, 2], [12, 2], [12, 3], [11, 3], [11, 4], [10, 4], [10, 5], [9, 5], [9, 6], [8, 6], [8, 7], [7, 7], [7, 8], [6, 8], [6, 9], [5, 9], [5, 10], [4, 10], [4, 11], [3, 11], [3, 12], [3, 13], [3, 14], [3, 15], [3, 16], [4, 16], [4, 17], [5, 17], [5, 18], [6, 18], [6, 19], [6, 20]]
-------------------------------
Performing turn 9 of your custom algo strategy
N: 0
-------------------------------
location: [13, 0]
type: EI
score: 112.000000
Damage score: 62.000000
Kill score: 50.000000
Edge score: 0.000000
Path:[[13, 0], [13, 1], [14, 1], [14, 2], [15, 2], [15, 3], [16, 3], [16, 4], [17, 4], [17, 5], [18, 5], [18, 6], [19, 6], [19, 7], [20, 7], [20, 8], [21, 8], [21, 9], [22, 9], [22, 10], [23, 10], [23, 11], [24, 11], [24, 12], [24, 13], [24, 14]]
-------------------------------
-------------------------------
location: [13, 0]
type: PI
score: 28.000000
Damage score: 28.000000
Kill score: 0.000000
Edge score: 0.000000
Path:[[13, 0], [13, 1], [14, 1], [14, 2], [15, 2], [15, 3], [16, 3], [16, 4], [17, 4], [17, 5], [18, 5], [18, 6], [19, 6], [19, 7], [20, 7], [20, 8], [21, 8], [21, 9], [22, 9], [22, 10], [23, 10], [23, 11], [24, 11], [24, 12], [24, 13], [24, 14], [24, 15], [24, 16], [23, 16]]
-------------------------------
Performing turn 10 of your custom algo strategy
N: 0
-------------------------------
location: [13, 0]
type: EI
score: 184.000000
Damage score: 134.000000
Kill score: 50.000000
Edge score: 0.000000
Path:[[13, 0], [13, 1], [14, 1], [14, 2], [15, 2], [15, 3], [16, 3], [16, 4], [17, 4], [17, 5], [18, 5], [18, 6], [19, 6], [19, 7], [20, 7], [20, 8], [21, 8], [21, 9], [22, 9], [22, 10], [23, 10], [23, 11], [24, 11], [24, 12], [24, 13], [23, 13]]
-------------------------------
-------------------------------
location: [13, 0]
type: PI
score: 54.000000
Damage score: 54.000000
Kill score: 0.000000
Edge score: 0.000000
Path:[[13, 0], [13, 1], [14, 1], [14, 2], [15, 2], [15, 3], [16, 3], [16, 4], [17, 4], [17, 5], [18, 5], [18, 6], [19, 6], [19, 7], [20, 7], [20, 8], [21, 8], [21, 9], [22, 9], [22, 10], [23, 10], [23, 11], [24, 11], [24, 12], [24, 13], [24, 14], [24, 15], [24, 16], [23, 16], [23, 17], [22, 17]]
-------------------------------
Performing turn 11 of your custom algo strategy
N: 0
-------------------------------
location: [13, 0]
type: EI
score: 184.000000
Damage score: 134.000000
Kill score: 50.000000
Edge score: 0.000000
Path:[[13, 0], [13, 1], [14, 1], [14, 2], [15, 2], [15, 3], [16, 3], [16, 4], [17, 4], [17, 5], [18, 5], [18, 6], [19, 6], [19, 7], [20, 7], [20, 8], [21, 8], [21, 9], [22, 9], [22, 10], [23, 10], [23, 11], [24, 11], [24, 12], [24, 13], [23, 13]]
-------------------------------
-------------------------------
location: [13, 0]
type: PI
score: 1394.000000
Damage score: 144.000000
Kill score: 50.000000
Edge score: 1200.000000
Path:[[13, 0], [13, 1], [14, 1], [14, 2], [15, 2], [15, 3], [16, 3], [16, 4], [17, 4], [17, 5], [18, 5], [18, 6], [19, 6], [19, 7], [20, 7], [20, 8], [21, 8], [21, 9], [22, 9], [22, 10], [23, 10], [23, 11], [24, 11], [24, 12], [24, 13], [24, 14], [24, 15], [24, 16], [23, 16], [23, 17], [22, 17], [22, 18], [21, 18], [21, 19], [21, 20]]
-------------------------------
Performing turn 12 of your custom algo strategy
N: 0
-------------------------------
location: [14, 0]
type: EI
score: 110.000000
Damage score: 60.000000
Kill score: 50.000000
Edge score: 0.000000
Path:[[14, 0], [14, 1], [13, 1], [13, 2], [12, 2], [12, 3], [11, 3], [11, 4], [10, 4], [10, 5], [9, 5], [9, 6], [8, 6], [8, 7], [7, 7], [7, 8], [6, 8], [6, 9], [5, 9], [5, 10], [4, 10], [4, 11], [3, 11], [3, 12], [3, 13], [3, 14]]
-------------------------------
-------------------------------
location: [14, 0]
type: PI
score: 30.000000
Damage score: 30.000000
Kill score: 0.000000
Edge score: 0.000000
Path:[[14, 0], [14, 1], [13, 1], [13, 2], [12, 2], [12, 3], [11, 3], [11, 4], [10, 4], [10, 5], [9, 5], [9, 6], [8, 6], [8, 7], [7, 7], [7, 8], [6, 8], [6, 9], [5, 9], [5, 10], [4, 10], [4, 11], [3, 11], [3, 12], [3, 13], [3, 14], [3, 15], [3, 16], [4, 16], [4, 17], [5, 17]]
-------------------------------
Performing turn 13 of your custom algo strategy
N: 0
Performing turn 14 of your custom algo strategy
N: 1
Performing turn 15 of your custom algo strategy
N: 1
Performing turn 16 of your custom algo strategy
N: 0
Performing turn 17 of your custom algo strategy
N: 0
Performing turn 18 of your custom algo strategy
N: 0
Performing turn 19 of your custom algo strategy
N: 0
-------------------------------
location: [14, 0]
type: EI
score: 1380.000000
Damage score: 430.000000
Kill score: 350.000000
Edge score: 600.000000
Path:[[14, 0], [14, 1], [13, 1], [13, 2], [12, 2], [12, 3], [11, 3], [11, 4], [10, 4], [10, 5], [9, 5], [9, 6], [8, 6], [8, 7], [7, 7], [7, 8], [6, 8], [6, 9], [5, 9], [5, 10], [4, 10], [4, 11], [3, 11], [3, 12], [3, 13], [3, 14], [3, 15], [2, 15], [2, 16]]
-------------------------------
-------------------------------
location: [13, 0]
type: PI
score: 3366.000000
Damage score: 366.000000
Kill score: 0.000000
Edge score: 3000.000000
Path:[[13, 0], [13, 1], [14, 1], [14, 2], [15, 2], [15, 3], [16, 3], [16, 4], [17, 4], [17, 5], [18, 5], [18, 6], [19, 6], [19, 7], [20, 7], [20, 8], [21, 8], [21, 9], [22, 9], [22, 10], [23, 10], [23, 11], [24, 11], [24, 12], [24, 13], [24, 14], [24, 15], [24, 16], [23, 16], [23, 17], [22, 17], [22, 18], [21, 18], [21, 19], [20, 19], [20, 20], [19, 20], [19, 21], [19, 22]]
-------------------------------
Performing turn 20 of your custom algo strategy
N: 0
Performing turn 21 of your custom algo strategy
N: 0
Performing turn 22 of your custom algo strategy
N: 0
Performing turn 23 of your custom algo strategy
N: 0
Performing turn 24 of your custom algo strategy
N: 0
Performing turn 25 of your custom algo strategy
N: 0
Performing turn 26 of your custom algo strategy
N: 0
Performing turn 27 of your custom algo strategy
N: 0
-------------------------------
location: [14, 0]
type: EI
score: 2662.000000
Damage score: 862.000000
Kill score: 300.000000
Edge score: 1500.000000
Path:[[14, 0], [14, 1], [13, 1], [13, 2], [12, 2], [12, 3], [11, 3], [11, 4], [10, 4], [10, 5], [9, 5], [9, 6], [8, 6], [8, 7], [7, 7], [7, 8], [6, 8], [6, 9], [5, 9], [5, 10], [4, 10], [4, 11], [3, 11], [3, 12], [3, 13], [4, 13], [4, 14], [5, 14], [5, 15], [5, 16], [5, 17], [5, 18], [5, 19]]
-------------------------------
-------------------------------
location: [14, 0]
type: PI
score: 1280.000000
Damage score: 380.000000
Kill score: 0.000000
Edge score: 900.000000
Path:[[14, 0], [14, 1], [13, 1], [13, 2], [12, 2], [12, 3], [11, 3], [11, 4], [10, 4], [10, 5], [9, 5], [9, 6], [8, 6], [8, 7], [7, 7], [7, 8], [6, 8], [6, 9], [5, 9], [5, 10], [4, 10], [4, 11], [3, 11], [3, 12], [3, 13], [4, 13], [4, 14], [5, 14], [6, 14], [7, 14], [8, 14], [9, 14], [10, 14], [11, 14], [12, 14], [13, 14], [14, 14], [15, 14], [16, 14], [17, 14], [18, 14], [19, 14], [20, 14], [21, 14], [22, 14], [23, 14], [24, 14], [24, 15], [24, 16], [23, 16], [23, 17], [22, 17], [22, 18], [21, 18], [21, 19], [20, 19], [20, 20], [19, 20], [19, 21], [18, 21], [18, 22], [17, 22], [17, 23], [16, 23], [16, 24], [15, 24], [15, 25], [14, 25], [14, 26], [13, 26], [13, 27]]
-------------------------------
Performing turn 28 of your custom algo strategy
N: 0
Performing turn 29 of your custom algo strategy
N: 0
Performing turn 30 of your custom algo strategy
N: 0
Traceback (most recent call last):
  File "/Users/maomao/Desktop/Stanford/2020_spring/terminal_competition/terminal_global/Neutron_v4/algo_strategy.py", line 339, in <module>
    algo.start()
  File "/Users/maomao/Desktop/Stanford/2020_spring/terminal_competition/terminal_global/Neutron_v4/gamelib/algocore.py", line 59, in start
    game_state_string = get_command()
  File "/Users/maomao/Desktop/Stanford/2020_spring/terminal_competition/terminal_global/Neutron_v4/gamelib/util.py", line 12, in get_command
    ret = sys.stdin.readline()
KeyboardInterrupt
